	2	 1	0	13	0	9	17	20	22	29	36	41	45	50	63	69	73	76
	2	 2	0	13	0	9	17	20	22	29	36	41	45	50	63	69	73	76
	2	 1	1	15	0	4	14	19	22	25	29	33	41	44	49	55	63	68	72	75
	2	 2	1	15	0	4	14	19	22	25	29	33	41	44	49	55	63	68	72	75
	2	 1	2	13	0	4	14	20	26	31	36	43	49	54	58	65	71	74
	2	 2	2	13	0	4	14	20	26	31	36	43	49	54	58	65	71	74
	2	 1	3	15	0	4	10	20	25	30	36	39	43	52	55	59	67	72	75	78
	2	 2	3	15	0	4	10	20	25	30	36	39	43	52	55	59	67	72	75	78
	2	 1	4	15	0	4	8	13	19	26	30	35	39	47	51	55	63	67	73	76
	2	 2	4	15	0	4	8	13	19	26	30	35	39	47	51	55	63	67	73	76
	2	 1	5	15	0	4	12	17	23	29	33	41	45	52	54	59	64	67	73	76
	2	 2	5	15	0	4	12	17	23	29	33	41	45	52	54	59	64	67	73	76
	2	 1	6	16	0	4	8	15	20	26	30	32	39	46	53	56	59	63	67	69	72
	2	 2	6	16	0	4	8	15	20	26	30	32	39	46	53	56	59	63	67	69	72
	2	 1	7	14	0	4	13	20	23	31	35	39	43	51	54	58	69	75	78
	2	 2	7	14	0	4	13	20	23	31	35	39	43	51	54	58	69	75	78
	2	 1	8	16	0	4	7	12	17	21	25	30	37	45	48	52	59	65	71	75	78
	2	 2	8	16	0	4	7	12	17	21	25	30	37	45	48	52	59	65	71	75	78
	2	 1	9	14	0	4	8	12	17	21	25	29	36	39	48	53	59	67	70
	2	 2	9	14	0	4	8	12	17	21	25	29	36	39	48	53	59	67	70
	3	 1	0	14	0	9	13	17	23	26	31	33	42	50	54	59	65	76	79
	3	 2	0	14	0	9	13	17	23	26	31	33	42	50	54	59	65	76	79
	3	 1	1	14	0	4	10	14	19	26	32	35	39	49	52	58	64	72	75
	3	 2	1	14	0	4	10	14	19	26	32	35	39	49	52	58	64	72	75
	3	 1	2	12	0	4	12	15	26	34	37	42	50	57	66	73	76
	3	 2	2	12	0	4	12	15	26	34	37	42	50	57	66	73	76
	3	 1	3	15	0	4	9	12	17	25	27	34	40	44	51	56	64	66	71	74
	3	 2	3	15	0	4	9	12	17	25	27	34	40	44	51	56	64	66	71	74
	3	 1	4	12	0	4	11	14	16	22	28	34	40	44	48	60	63
	3	 2	4	12	0	4	11	14	16	22	28	34	40	44	48	60	63
	3	 1	5	17	0	9	14	20	24	30	33	38	41	45	53	56	59	64	68	71	75	78
	3	 2	5	17	0	9	14	20	24	30	33	38	41	45	53	56	59	64	68	71	75	78
	3	 1	6	16	0	4	9	11	18	25	30	34	37	44	47	51	56	59	69	74	77
	3	 2	6	16	0	4	9	11	18	25	30	34	37	44	47	51	56	59	69	74	77
	3	 1	7	15	0	4	12	19	28	31	37	42	46	50	54	59	65	70	75	78
	3	 2	7	15	0	4	12	19	28	31	37	42	46	50	54	59	65	70	75	78
	3	 1	8	10	0	4	9	20	26	31	35	40	43	48	51
	3	 2	8	10	0	4	9	20	26	31	35	40	43	48	51
	5	 1	0	13	0	9	16	21	33	38	43	46	52	60	69	72	75	78
	5	 2	0	13	0	9	16	21	33	38	43	46	52	60	69	72	75	78
	5	 1	1	18	0	4	9	13	16	21	25	31	35	38	40	44	49	57	61	66	71	76	79
	5	 2	1	18	0	4	9	13	16	21	25	31	35	38	40	44	49	57	61	66	71	76	79
	5	 1	2	4	0	4	7	12	15
	5	 2	2	4	0	4	7	12	15
	5	 1	3	13	0	9	20	25	31	35	43	48	53	59	61	70	74	77
	5	 2	3	13	0	9	20	25	31	35	43	48	53	59	61	70	74	77
	5	 1	4	15	0	4	9	13	20	24	30	35	39	45	53	57	64	68	73	76
	5	 2	4	15	0	4	9	13	20	24	30	35	39	45	53	57	64	68	73	76
	5	 1	5	15	0	4	10	14	19	25	30	38	44	50	54	63	68	73	76	79
	5	 2	5	15	0	4	10	14	19	25	30	38	44	50	54	63	68	73	76	79
	5	 1	6	16	0	4	7	12	19	24	28	35	37	42	47	53	62	70	72	78	81
	5	 2	6	16	0	4	7	12	19	24	28	35	37	42	47	53	62	70	72	78	81
	5	 1	7	18	0	4	7	11	20	25	30	35	37	42	45	51	58	61	65	69	72	77	80
	5	 2	7	18	0	4	7	11	20	25	30	35	37	42	45	51	58	61	65	69	72	77	80
	5	 1	8	8	0	4	9	14	19	26	29	35	38
	5	 2	8	8	0	4	9	14	19	26	29	35	38
	7	 1	0	14	0	9	16	23	28	37	45	48	52	58	62	67	72	78	81
	7	 2	0	14	0	9	16	23	28	37	45	48	52	58	62	67	72	78	81
	7	 1	1	18	0	4	6	13	17	23	26	34	36	43	47	49	54	57	62	65	72	76	79
	7	 2	1	18	0	4	6	13	17	23	26	34	36	43	47	49	54	57	62	65	72	76	79
	7	 1	2	4	0	4	10	18	21
	7	 2	2	4	0	4	10	18	21
	7	 1	3	13	0	9	17	21	31	40	46	48	53	59	66	72	76	79
	7	 2	3	13	0	9	17	21	31	40	46	48	53	59	66	72	76	79
	7	 1	4	18	0	4	8	13	18	20	26	30	37	42	45	49	55	61	63	67	70	77	80
	7	 2	4	18	0	4	8	13	18	20	26	30	37	42	45	49	55	61	63	67	70	77	80
	7	 1	5	17	0	4	9	15	22	26	29	33	38	41	45	50	55	59	64	73	78	81
	7	 2	5	17	0	4	9	15	22	26	29	33	38	41	45	50	55	59	64	73	78	81
	7	 1	6	4	0	4	8	14	17
	7	 2	6	4	0	4	8	14	17
	7	 1	7	10	0	9	15	20	29	32	39	43	47	56	59
	7	 2	7	10	0	9	15	20	29	32	39	43	47	56	59
	7	 1	8	14	0	9	14	22	31	35	40	44	49	55	58	68	72	76	79
	7	 2	8	14	0	9	14	22	31	35	40	44	49	55	58	68	72	76	79
	7	 1	9	14	0	4	11	15	19	23	28	31	35	41	48	51	55	60	63
	7	 2	9	14	0	4	11	15	19	23	28	31	35	41	48	51	55	60	63
	9	 1	0	14	0	4	7	14	24	29	33	43	47	52	55	64	67	73	76
	9	 2	0	14	0	4	7	14	24	29	33	43	47	52	55	64	67	73	76
	9	 1	1	6	0	4	11	18	22	29	32
	9	 2	1	6	0	4	11	18	22	29	32
	9	 1	2	12	0	9	17	26	31	39	50	54	58	64	69	76	79
	9	 2	2	12	0	9	17	26	31	39	50	54	58	64	69	76	79
	9	 1	3	17	0	4	8	15	19	22	27	31	37	41	45	50	54	58	62	69	77	80
	9	 2	3	17	0	4	8	15	19	22	27	31	37	41	45	50	54	58	62	69	77	80
	9	 1	4	17	0	4	7	11	20	25	33	37	41	46	49	53	59	65	67	71	77	80
	9	 2	4	17	0	4	7	11	20	25	33	37	41	46	49	53	59	65	67	71	77	80
	9	 1	5	16	0	4	8	10	16	22	26	31	35	40	44	48	56	65	69	77	80
	9	 2	5	16	0	4	8	10	16	22	26	31	35	40	44	48	56	65	69	77	80
	9	 1	6	16	0	4	12	17	23	30	33	37	44	48	52	57	60	65	73	77	80
	9	 2	6	16	0	4	12	17	23	30	33	37	44	48	52	57	60	65	73	77	80
	9	 1	7	17	0	4	8	15	19	21	27	32	36	40	45	47	56	62	68	72	77	80
	9	 2	7	17	0	4	8	15	19	21	27	32	36	40	45	47	56	62	68	72	77	80
	9	 1	8	11	0	4	11	14	18	22	26	31	34	36	49	52
	9	 2	8	11	0	4	11	14	18	22	26	31	34	36	49	52
	10	 1	0	14	0	4	9	17	24	29	33	38	41	47	56	63	68	72	75
	10	 2	0	14	0	4	9	17	24	29	33	38	41	47	56	63	68	72	75
	10	 1	1	14	0	4	11	15	20	23	31	38	46	50	54	60	67	74	77
	10	 2	1	14	0	4	11	15	20	23	31	38	46	50	54	60	67	74	77
	10	 1	2	12	0	9	20	25	29	35	45	54	59	66	71	74	77
	10	 2	2	12	0	9	20	25	29	35	45	54	59	66	71	74	77
	10	 1	3	16	0	4	10	14	18	23	30	33	38	44	49	52	59	62	70	74	77
	10	 2	3	16	0	4	10	14	18	23	30	33	38	44	49	52	59	62	70	74	77
	10	 1	4	11	0	4	11	15	19	24	27	33	38	42	49	52
	10	 2	4	11	0	4	11	15	19	24	27	33	38	42	49	52
	10	 1	5	14	0	9	15	19	24	29	33	43	55	60	62	68	72	76	79
	10	 2	5	14	0	9	15	19	24	29	33	43	55	60	62	68	72	76	79
	10	 1	6	11	0	4	8	13	20	23	29	33	41	45	52	55
	10	 2	6	11	0	4	8	13	20	23	29	33	41	45	52	55
	10	 1	7	15	0	9	12	16	22	27	31	39	45	48	57	62	64	71	76	79
	10	 2	7	15	0	9	12	16	22	27	31	39	45	48	57	62	64	71	76	79
	10	 1	8	15	0	4	8	13	16	19	24	29	35	39	43	49	60	64	69	72
	10	 2	8	15	0	4	8	13	16	19	24	29	35	39	43	49	60	64	69	72
	11	 1	0	14	0	9	17	24	27	31	39	42	48	53	57	63	72	76	79
	11	 2	0	14	0	9	17	24	27	31	39	42	48	53	57	63	72	76	79
	11	 1	1	3	0	4	13	16
	11	 2	1	3	0	4	13	16
	11	 1	2	11	0	9	14	22	26	32	40	44	50	55	63	66
	11	 2	2	11	0	9	14	22	26	32	40	44	50	55	63	66
	11	 1	3	15	0	9	19	23	27	34	37	39	44	47	54	65	68	72	76	79
	11	 2	3	15	0	9	19	23	27	34	37	39	44	47	54	65	68	72	76	79
	11	 1	4	15	0	4	13	18	22	26	35	39	45	49	52	58	69	76	78	81
	11	 2	4	15	0	4	13	18	22	26	35	39	45	49	52	58	69	76	78	81
	11	 1	5	17	0	4	10	17	21	25	30	37	41	46	49	54	59	63	68	72	76	79
	11	 2	5	17	0	4	10	17	21	25	30	37	41	46	49	54	59	63	68	72	76	79
	11	 1	6	17	0	4	13	19	22	24	30	34	38	46	51	55	59	64	67	69	75	78
	11	 2	6	17	0	4	13	19	22	24	30	34	38	46	51	55	59	64	67	69	75	78
	11	 1	7	15	0	4	12	18	21	25	30	33	41	45	50	54	62	66	72	75
	11	 2	7	15	0	4	12	18	21	25	30	33	41	45	50	54	62	66	72	75
	11	 1	8	3	0	4	11	14
	11	 2	8	3	0	4	11	14
	13	 1	0	12	0	9	17	24	36	42	53	56	60	66	70	74	77
	13	 2	0	12	0	9	17	24	36	42	53	56	60	66	70	74	77
	13	 1	1	13	0	4	9	13	23	32	35	41	47	52	56	63	70	73
	13	 2	1	13	0	4	9	13	23	32	35	41	47	52	56	63	70	73
	13	 1	2	14	0	4	13	20	24	30	38	42	48	54	58	68	71	76	79
	13	 2	2	14	0	4	13	20	24	30	38	42	48	54	58	68	71	76	79
	13	 1	3	14	0	4	7	12	21	27	32	39	43	52	59	64	68	72	75
	13	 2	3	14	0	4	7	12	21	27	32	39	43	52	59	64	68	72	75
	13	 1	4	7	0	4	11	15	19	31	36	39
	13	 2	4	7	0	4	11	15	19	31	36	39
	13	 1	5	14	0	9	17	26	30	36	41	44	51	55	59	65	70	73	76
	13	 2	5	14	0	9	17	26	30	36	41	44	51	55	59	65	70	73	76
	13	 1	6	15	0	4	15	20	24	29	33	39	43	47	54	59	63	74	78	81
	13	 2	6	15	0	4	15	20	24	29	33	39	43	47	54	59	63	74	78	81
	13	 1	7	15	0	4	8	14	19	23	25	31	37	40	50	55	64	66	72	75
	13	 2	7	15	0	4	8	14	19	23	25	31	37	40	50	55	64	66	72	75
	13	 1	8	15	0	4	13	18	26	32	35	39	48	59	63	66	70	74	77	80
	13	 2	8	15	0	4	13	18	26	32	35	39	48	59	63	66	70	74	77	80
	13	 1	9	4	0	4	8	16	19
	13	 2	9	4	0	4	8	16	19
	15	 1	0	15	0	9	17	25	28	34	38	43	50	54	60	63	67	71	78	81
	15	 2	0	15	0	9	17	25	28	34	38	43	50	54	60	63	67	71	78	81
	15	 1	1	12	0	4	11	14	18	30	37	49	53	60	63	68	71
	15	 2	1	12	0	4	11	14	18	30	37	49	53	60	63	68	71
	15	 1	2	11	0	9	15	20	30	33	38	43	47	53	64	67
	15	 2	2	11	0	9	15	20	30	33	38	43	47	53	64	67
	15	 1	3	13	0	9	13	17	24	28	33	38	42	48	56	60	66	69
	15	 2	3	13	0	9	13	17	24	28	33	38	42	48	56	60	66	69
	15	 1	4	12	0	9	15	18	22	31	34	42	51	55	64	70	73
	15	 2	4	12	0	9	15	18	22	31	34	42	51	55	64	70	73
	15	 1	5	13	0	9	15	18	29	34	39	43	49	58	66	70	77	80
	15	 2	5	13	0	9	15	18	29	34	39	43	49	58	66	70	77	80
	15	 1	6	3	0	4	10	13
	15	 2	6	3	0	4	10	13
	15	 1	7	13	0	9	15	18	28	31	36	41	48	60	67	71	77	80
	15	 2	7	13	0	9	15	18	28	31	36	41	48	60	67	71	77	80
	15	 1	8	3	0	4	10	13
	15	 2	8	3	0	4	10	13
	16	 1	0	14	0	9	15	18	24	28	41	44	47	56	61	64	68	73	76
	16	 2	0	14	0	9	15	18	24	28	41	44	47	56	61	64	68	73	76
	16	 1	1	13	0	4	13	18	21	27	33	37	50	54	59	62	72	75
	16	 2	1	13	0	4	13	18	21	27	33	37	50	54	59	62	72	75
	16	 1	2	15	0	4	11	14	20	27	36	40	43	49	53	56	61	73	76	79
	16	 2	2	15	0	4	11	14	20	27	36	40	43	49	53	56	61	73	76	79
	16	 1	3	11	0	4	8	15	18	23	32	37	41	43	51	54
	16	 2	3	11	0	4	8	15	18	23	32	37	41	43	51	54
	16	 1	4	14	0	9	17	23	26	31	35	39	43	47	58	68	72	78	81
	16	 2	4	14	0	9	17	23	26	31	35	39	43	47	58	68	72	78	81
	16	 1	5	16	0	4	9	14	18	24	29	32	37	45	49	55	58	62	69	76	79
	16	 2	5	16	0	4	9	14	18	24	29	32	37	45	49	55	58	62	69	76	79
	16	 1	6	15	0	4	12	17	21	29	35	41	43	47	55	62	67	74	77	80
	16	 2	6	15	0	4	12	17	21	29	35	41	43	47	55	62	67	74	77	80
	16	 1	7	16	0	4	11	14	18	23	31	35	41	45	55	59	62	70	74	78	81
	16	 2	7	16	0	4	11	14	18	23	31	35	41	45	55	59	62	70	74	78	81
	16	 1	8	16	0	4	10	13	19	23	27	36	39	42	47	55	60	69	75	78	81
	16	 2	8	16	0	4	10	13	19	23	27	36	39	42	47	55	60	69	75	78	81
	16	 1	9	10	0	4	8	14	18	23	26	29	38	43	46
	16	 2	9	10	0	4	8	14	18	23	26	29	38	43	46
	17	 1	0	13	0	4	9	12	17	20	29	32	39	50	57	65	72	75
	17	 2	0	13	0	4	9	12	17	20	29	32	39	50	57	65	72	75
	17	 1	1	14	0	9	17	24	28	36	40	48	53	58	61	65	72	76	79
	17	 2	1	14	0	9	17	24	28	36	40	48	53	58	61	65	72	76	79
	17	 1	2	18	0	4	10	14	20	23	26	33	37	41	47	53	57	59	65	69	75	78	81
	17	 2	2	18	0	4	10	14	20	23	26	33	37	41	47	53	57	59	65	69	75	78	81
	17	 1	3	16	0	4	13	18	23	27	35	39	42	46	51	53	57	61	66	73	76
	17	 2	3	16	0	4	13	18	23	27	35	39	42	46	51	53	57	61	66	73	76
	17	 1	4	12	0	4	13	17	24	28	30	36	47	52	57	74	77
	17	 2	4	12	0	4	13	17	24	28	30	36	47	52	57	74	77
	17	 1	5	16	0	4	12	17	22	26	34	38	43	49	54	58	65	68	72	76	79
	17	 2	5	16	0	4	12	17	22	26	34	38	43	49	54	58	65	68	72	76	79
	17	 1	6	14	0	4	12	16	21	27	34	44	54	58	62	69	71	76	79
	17	 2	6	14	0	4	12	16	21	27	34	44	54	58	62	69	71	76	79
	17	 1	7	13	0	4	8	15	19	23	28	33	39	42	45	50	56	59
	17	 2	7	13	0	4	8	15	19	23	28	33	39	42	45	50	56	59
	17	 1	8	15	0	9	19	26	30	35	38	42	48	52	60	63	68	73	77	80
	17	 2	8	15	0	9	19	26	30	35	38	42	48	52	60	63	68	73	77	80
	17	 1	9	13	0	4	10	14	22	26	31	36	38	43	56	61	65	68
	17	 2	9	13	0	4	10	14	22	26	31	36	38	43	56	61	65	68
	18	 1	0	15	0	9	13	17	22	25	28	33	37	43	52	56	63	71	76	79
	18	 2	0	15	0	9	13	17	22	25	28	33	37	43	52	56	63	71	76	79
	18	 1	1	14	0	4	14	18	27	31	36	38	43	49	54	60	63	75	78
	18	 2	1	14	0	4	14	18	27	31	36	38	43	49	54	60	63	75	78
	18	 1	2	14	0	9	17	22	27	29	36	39	49	52	57	63	71	75	78
	18	 2	2	14	0	9	17	22	27	29	36	39	49	52	57	63	71	75	78
	18	 1	3	16	0	4	8	10	15	19	27	31	38	44	47	52	56	62	65	69	72
	18	 2	3	16	0	4	8	10	15	19	27	31	38	44	47	52	56	62	65	69	72
	18	 1	4	16	0	4	14	17	21	24	29	33	36	44	48	51	57	67	70	74	77
	18	 2	4	16	0	4	14	17	21	24	29	33	36	44	48	51	57	67	70	74	77
	18	 1	5	14	0	4	10	12	18	22	30	33	37	42	47	50	59	77	80
	18	 2	5	14	0	4	10	12	18	22	30	33	37	42	47	50	59	77	80
	18	 1	6	14	0	4	8	14	20	24	29	36	43	47	52	62	72	74	77
	18	 2	6	14	0	4	8	14	20	24	29	36	43	47	52	62	72	74	77
	18	 1	7	10	0	4	13	18	23	28	32	39	44	53	56
	18	 2	7	10	0	4	13	18	23	28	32	39	44	53	56
	20	 1	0	14	0	9	17	22	26	29	34	42	46	50	61	66	72	76	79
	20	 2	0	14	0	9	17	22	26	29	34	42	46	50	61	66	72	76	79
	20	 1	1	14	0	4	15	21	26	29	34	40	49	51	56	61	70	73	76
	20	 2	1	14	0	4	15	21	26	29	34	40	49	51	56	61	70	73	76
	20	 1	2	11	0	4	10	19	22	26	34	38	45	50	62	65
	20	 2	2	11	0	4	10	19	22	26	34	38	45	50	62	65
	20	 1	3	14	0	9	15	19	27	32	36	39	43	50	54	62	66	69	72
	20	 2	3	14	0	9	15	19	27	32	36	39	43	50	54	62	66	69	72
	20	 1	4	14	0	4	15	19	29	33	36	40	46	50	58	61	69	77	80
	20	 2	4	14	0	4	15	19	29	33	36	40	46	50	58	61	69	77	80
	20	 1	5	17	0	4	8	14	17	25	28	37	41	44	50	52	57	61	69	73	76	79
	20	 2	5	17	0	4	8	14	17	25	28	37	41	44	50	52	57	61	69	73	76	79
	20	 1	6	15	0	4	8	14	21	26	30	35	39	43	50	60	66	69	74	77
	20	 2	6	15	0	4	8	14	21	26	30	35	39	43	50	60	66	69	74	77
	20	 1	7	14	0	4	12	15	19	28	37	41	46	51	58	62	68	71	74
	20	 2	7	14	0	4	12	15	19	28	37	41	46	51	58	62	68	71	74
	20	 1	8	16	0	4	12	22	25	29	34	39	43	46	52	55	61	65	68	75	78
	20	 2	8	16	0	4	12	22	25	29	34	39	43	46	52	55	61	65	68	75	78
	20	 1	9	8	0	4	8	15	21	29	32	38	41
	20	 2	9	8	0	4	8	15	21	29	32	38	41
	21	 1	0	17	0	9	14	20	23	28	30	35	39	43	51	54	57	64	69	72	77	80
	21	 2	0	17	0	9	14	20	23	28	30	35	39	43	51	54	57	64	69	72	77	80
	21	 1	1	16	0	4	10	14	23	27	33	35	40	44	50	55	61	65	68	72	75
	21	 2	1	16	0	4	10	14	23	27	33	35	40	44	50	55	61	65	68	72	75
	21	 1	2	15	0	4	11	18	20	25	29	35	45	48	52	55	64	73	77	80
	21	 2	2	15	0	4	11	18	20	25	29	35	45	48	52	55	64	73	77	80
	21	 1	3	5	0	4	6	11	18	21
	21	 2	3	5	0	4	6	11	18	21
	21	 1	4	13	0	9	14	24	29	37	42	50	54	62	68	71	75	78
	21	 2	4	13	0	9	14	24	29	37	42	50	54	62	68	71	75	78
	21	 1	5	19	0	4	10	17	22	26	29	31	36	39	43	47	52	57	60	65	68	72	77	80
	21	 2	5	19	0	4	10	17	22	26	29	31	36	39	43	47	52	57	60	65	68	72	77	80
	21	 1	6	6	0	4	8	13	18	26	29
	21	 2	6	6	0	4	8	13	18	26	29
	21	 1	7	13	0	9	17	22	28	31	35	43	47	58	65	69	76	79
	21	 2	7	13	0	9	17	22	28	31	35	43	47	58	65	69	76	79
	21	 1	8	9	0	4	9	19	22	24	30	33	42	45
	21	 2	8	9	0	4	9	19	22	24	30	33	42	45
	21	 1	9	8	0	9	14	20	29	37	41	47	50
	21	 2	9	8	0	9	14	20	29	37	41	47	50
	22	 1	0	11	0	4	15	21	28	30	37	41	46	55	61	64
	22	 2	0	11	0	4	15	21	28	30	37	41	46	55	61	64
	22	 1	1	15	0	9	14	18	24	29	33	39	42	51	61	65	70	73	75	78
	22	 2	1	15	0	9	14	18	24	29	33	39	42	51	61	65	70	73	75	78
	22	 1	2	4	0	4	9	16	19
	22	 2	2	4	0	4	9	16	19
	22	 1	3	11	0	9	15	21	30	38	44	47	56	65	70	73
	22	 2	3	11	0	9	15	21	30	38	44	47	56	65	70	73
	22	 1	4	7	0	4	19	22	27	30	37	40
	22	 2	4	7	0	4	19	22	27	30	37	40
	22	 1	5	14	0	9	13	18	22	28	33	46	50	54	58	61	72	78	81
	22	 2	5	14	0	9	13	18	22	28	33	46	50	54	58	61	72	78	81
	22	 1	6	15	0	4	12	22	27	31	38	42	47	50	55	59	62	67	71	74
	22	 2	6	15	0	4	12	22	27	31	38	42	47	50	55	59	62	67	71	74
	22	 1	7	17	0	4	14	17	20	28	31	38	43	47	51	55	59	63	69	72	78	81
	22	 2	7	17	0	4	14	17	20	28	31	38	43	47	51	55	59	63	69	72	78	81
	22	 1	8	16	0	4	8	17	27	30	34	39	44	52	58	60	65	71	75	77	80
	22	 2	8	16	0	4	8	17	27	30	34	39	44	52	58	60	65	71	75	77	80
	22	 1	9	12	0	4	9	12	19	24	29	33	39	42	46	53	56
	22	 2	9	12	0	4	9	12	19	24	29	33	39	42	46	53	56
	23	 1	0	16	0	4	9	13	18	22	27	31	35	42	46	54	57	61	67	77	80
	23	 2	0	16	0	4	9	13	18	22	27	31	35	42	46	54	57	61	67	77	80
	23	 1	1	15	0	4	9	11	17	23	27	32	36	41	49	58	66	72	76	79
	23	 2	1	15	0	4	9	11	17	23	27	32	36	41	49	58	66	72	76	79
	23	 1	2	15	0	4	9	17	21	26	35	39	45	49	53	60	67	70	74	77
	23	 2	2	15	0	4	9	17	21	26	35	39	45	49	53	60	67	70	74	77
	23	 1	3	12	0	4	13	21	24	28	39	42	51	54	64	70	73
	23	 2	3	12	0	4	13	21	24	28	39	42	51	54	64	70	73
	23	 1	4	15	0	9	15	18	24	29	34	39	43	48	53	58	66	73	76	79
	23	 2	4	15	0	9	15	18	24	29	34	39	43	48	53	58	66	73	76	79
	23	 1	5	16	0	4	13	18	22	28	30	37	40	46	49	53	58	61	64	71	74
	23	 2	5	16	0	4	13	18	22	28	30	37	40	46	49	53	58	61	64	71	74
	23	 1	6	17	0	4	14	18	20	27	32	35	42	48	51	53	59	68	71	73	78	81
	23	 2	6	17	0	4	14	18	20	27	32	35	42	48	51	53	59	68	71	73	78	81
	23	 1	7	15	0	4	8	13	16	26	29	35	39	41	49	55	61	65	76	79
	23	 2	7	15	0	4	8	13	16	26	29	35	39	41	49	55	61	65	76	79
	23	 1	8	16	0	4	7	10	16	20	23	29	33	38	44	47	56	64	68	77	80
	23	 2	8	16	0	4	7	10	16	20	23	29	33	38	44	47	56	64	68	77	80
	23	 1	9	5	0	4	8	14	23	26
	23	 2	9	5	0	4	8	14	23	26
	25	 1	0	15	0	9	13	20	24	30	35	39	43	48	53	57	64	71	75	78
	25	 2	0	15	0	9	13	20	24	30	35	39	43	48	53	57	64	71	75	78
	25	 1	1	16	0	4	11	14	17	21	28	34	39	43	46	51	57	63	68	76	79
	25	 2	1	16	0	4	11	14	17	21	28	34	39	43	46	51	57	63	68	76	79
	25	 1	2	17	0	4	7	9	15	17	23	25	30	32	40	44	46	59	63	67	74	77
	25	 2	2	17	0	4	7	9	15	17	23	25	30	32	40	44	46	59	63	67	74	77
	25	 1	3	10	0	4	9	13	18	22	30	35	39	50	53
	25	 2	3	10	0	4	9	13	18	22	30	35	39	50	53
	25	 1	4	14	0	9	15	19	26	31	40	47	50	55	58	62	70	76	79
	25	 2	4	14	0	9	15	19	26	31	40	47	50	55	58	62	70	76	79
	25	 1	5	14	0	4	11	17	20	22	27	34	43	47	54	59	68	73	76
	25	 2	5	14	0	4	11	17	20	22	27	34	43	47	54	59	68	73	76
	25	 1	6	15	0	4	11	16	24	29	38	42	47	51	55	59	62	68	72	75
	25	 2	6	15	0	4	11	16	24	29	38	42	47	51	55	59	62	68	72	75
	25	 1	7	6	0	4	11	15	22	27	30
	25	 2	7	6	0	4	11	15	22	27	30
	27	 1	0	13	0	9	13	18	23	27	40	47	50	54	65	72	76	79
	27	 2	0	13	0	9	13	18	23	27	40	47	50	54	65	72	76	79
	27	 1	1	16	0	4	11	14	24	28	31	37	43	46	49	56	60	66	70	78	81
	27	 2	1	16	0	4	11	14	24	28	31	37	43	46	49	56	60	66	70	78	81
	27	 1	2	14	0	4	11	14	18	30	37	40	42	46	51	60	64	69	72
	27	 2	2	14	0	4	11	14	18	30	37	40	42	46	51	60	64	69	72
	27	 1	3	3	0	4	18	21
	27	 2	3	3	0	4	18	21
	27	 1	4	13	0	9	12	15	24	29	32	37	49	53	61	65	75	78
	27	 2	4	13	0	9	12	15	24	29	32	37	49	53	61	65	75	78
	27	 1	5	17	0	4	9	17	21	26	31	34	38	40	48	55	61	64	68	73	76	79
	27	 2	5	17	0	4	9	17	21	26	31	34	38	40	48	55	61	64	68	73	76	79
	27	 1	6	15	0	4	8	12	21	24	28	31	38	42	52	60	63	67	72	75
	27	 2	6	15	0	4	8	12	21	24	28	31	38	42	52	60	63	67	72	75
	27	 1	7	14	0	4	13	16	23	33	40	45	55	60	64	70	73	75	78
	27	 2	7	14	0	4	13	16	23	33	40	45	55	60	64	70	73	75	78
	27	 1	8	13	0	4	11	16	20	26	32	42	47	51	57	63	69	72
	27	 2	8	13	0	4	11	16	20	26	32	42	47	51	57	63	69	72
	27	 1	9	6	0	4	14	19	23	30	33
	27	 2	9	6	0	4	14	19	23	30	33
	29	 1	0	12	0	9	18	21	30	43	47	57	61	65	69	74	77
	29	 2	0	12	0	9	18	21	30	43	47	57	61	65	69	74	77
	29	 1	1	13	0	4	13	19	28	33	39	42	46	53	64	68	75	78
	29	 2	1	13	0	4	13	19	28	33	39	42	46	53	64	68	75	78
	29	 1	2	15	0	4	11	15	19	29	33	36	41	44	50	63	67	74	77	80
	29	 2	2	15	0	4	11	15	19	29	33	36	41	44	50	63	67	74	77	80
	29	 1	3	15	0	4	8	13	16	18	27	35	43	48	55	65	70	75	78	81
	29	 2	3	15	0	4	8	13	16	18	27	35	43	48	55	65	70	75	78	81
	29	 1	4	15	0	4	8	14	19	27	32	40	45	50	54	59	63	67	75	78
	29	 2	4	15	0	4	8	14	19	27	32	40	45	50	54	59	63	67	75	78
	29	 1	5	13	0	4	14	21	29	33	41	48	55	58	61	65	74	77
	29	 2	5	13	0	4	14	21	29	33	41	48	55	58	61	65	74	77
	29	 1	6	13	0	4	9	18	27	35	41	46	49	53	58	67	78	81
	29	 2	6	13	0	4	9	18	27	35	41	46	49	53	58	67	78	81
	29	 1	7	18	0	4	7	10	14	22	26	36	40	43	46	49	53	58	63	67	74	76	79
	29	 2	7	18	0	4	7	10	14	22	26	36	40	43	46	49	53	58	63	67	74	76	79
	29	 1	8	14	0	4	8	12	15	24	30	36	43	47	56	61	69	73	76
	29	 2	8	14	0	4	8	12	15	24	30	36	43	47	56	61	69	73	76
	29	 1	9	3	0	4	16	19
	29	 2	9	3	0	4	16	19
	30	 1	0	15	0	9	13	21	26	30	34	37	41	46	53	60	64	72	76	79
	30	 2	0	15	0	9	13	21	26	30	34	37	41	46	53	60	64	72	76	79
	30	 1	1	14	0	4	8	10	14	21	25	29	35	42	48	54	58	66	69
	30	 2	1	14	0	4	8	10	14	21	25	29	35	42	48	54	58	66	69
	30	 1	2	13	0	9	16	26	30	34	41	47	51	61	65	69	73	76
	30	 2	2	13	0	9	16	26	30	34	41	47	51	61	65	69	73	76
	30	 1	3	14	0	4	12	15	19	29	32	36	41	48	59	64	71	75	78
	30	 2	3	14	0	4	12	15	19	29	32	36	41	48	59	64	71	75	78
	30	 1	4	17	0	4	11	16	20	25	28	32	35	39	44	49	52	55	63	67	76	79
	30	 2	4	17	0	4	11	16	20	25	28	32	35	39	44	49	52	55	63	67	76	79
	30	 1	5	13	0	4	7	11	23	31	35	41	49	53	58	65	71	74
	30	 2	5	13	0	4	7	11	23	31	35	41	49	53	58	65	71	74
	30	 1	6	10	0	4	13	19	23	27	33	37	40	47	50
	30	 2	6	10	0	4	13	19	23	27	33	37	40	47	50
	30	 1	7	14	0	9	12	17	20	24	28	35	40	48	51	55	61	68	71
	30	 2	7	14	0	9	12	17	20	24	28	35	40	48	51	55	61	68	71
	31	 1	0	14	0	9	17	26	34	38	42	45	50	54	56	66	73	78	81
	31	 2	0	14	0	9	17	26	34	38	42	45	50	54	56	66	73	78	81
	31	 1	1	15	0	4	8	11	16	20	28	33	42	46	50	55	64	74	78	81
	31	 2	1	15	0	4	8	11	16	20	28	33	42	46	50	55	64	74	78	81
	31	 1	2	15	0	4	11	13	18	21	26	33	37	51	58	64	68	73	76	79
	31	 2	2	15	0	4	11	13	18	21	26	33	37	51	58	64	68	73	76	79
	31	 1	3	17	0	4	8	16	20	25	30	35	37	42	45	52	62	66	69	72	75	78
	31	 2	3	17	0	4	8	16	20	25	30	35	37	42	45	52	62	66	69	72	75	78
	31	 1	4	6	0	4	12	16	19	28	31
	31	 2	4	6	0	4	12	16	19	28	31
	31	 1	5	7	0	9	14	18	28	33	41	44
	31	 2	5	7	0	9	14	18	28	33	41	44
	31	 1	6	14	0	9	15	20	23	27	32	41	44	51	60	68	72	78	81
	31	 2	6	14	0	9	15	20	23	27	32	41	44	51	60	68	72	78	81
	31	 1	7	9	0	4	9	13	18	21	25	32	40	43
	31	 2	7	9	0	4	9	13	18	21	25	32	40	43
	33	 1	0	13	0	9	16	25	32	35	39	45	49	60	65	71	74	77
	33	 2	0	13	0	9	16	25	32	35	39	45	49	60	65	71	74	77
	33	 1	1	15	0	4	9	12	18	24	34	36	41	45	49	55	63	67	70	73
	33	 2	1	15	0	4	9	12	18	24	34	36	41	45	49	55	63	67	70	73
	33	 1	2	12	0	4	18	22	24	28	38	42	45	64	68	75	78
	33	 2	2	12	0	4	18	22	24	28	38	42	45	64	68	75	78
	33	 1	3	5	0	4	8	13	25	28
	33	 2	3	5	0	4	8	13	25	28
	33	 1	4	15	0	9	13	18	23	31	33	42	48	52	56	61	66	70	75	78
	33	 2	4	15	0	9	13	18	23	31	33	42	48	52	56	61	66	70	75	78
	33	 1	5	3	0	9	15	18
	33	 2	5	3	0	9	15	18
	33	 1	6	10	0	9	14	19	23	29	32	43	46	55	58
	33	 2	6	10	0	9	14	19	23	29	32	43	46	55	58
	33	 1	7	14	0	9	12	17	30	35	43	48	52	60	63	65	69	76	79
	33	 2	7	14	0	9	12	17	30	35	43	48	52	60	63	65	69	76	79
	35	 1	0	14	0	9	14	18	24	28	31	38	46	50	59	68	73	76	79
	35	 2	0	14	0	9	14	18	24	28	31	38	46	50	59	68	73	76	79
	35	 1	1	15	0	4	9	17	23	26	32	37	42	52	58	62	68	73	78	81
	35	 2	1	15	0	4	9	17	23	26	32	37	42	52	58	62	68	73	78	81
	35	 1	2	15	0	4	12	19	22	26	32	37	41	48	51	60	63	71	76	79
	35	 2	2	15	0	4	12	19	22	26	32	37	41	48	51	60	63	71	76	79
	35	 1	3	16	0	4	7	14	18	24	30	38	42	48	51	55	60	66	70	76	79
	35	 2	3	16	0	4	7	14	18	24	30	38	42	48	51	55	60	66	70	76	79
	35	 1	4	15	0	4	10	15	19	26	29	33	38	47	51	56	66	69	73	76
	35	 2	4	15	0	4	10	15	19	26	29	33	38	47	51	56	66	69	73	76
	35	 1	5	15	0	4	10	13	15	21	24	32	41	45	54	57	65	71	76	79
	35	 2	5	15	0	4	10	13	15	21	24	32	41	45	54	57	65	71	76	79
	35	 1	6	16	0	4	8	16	23	27	31	36	38	44	48	53	61	66	71	76	79
	35	 2	6	16	0	4	8	16	23	27	31	36	38	44	48	53	61	66	71	76	79
	35	 1	7	4	0	4	8	15	18
	35	 2	7	4	0	4	8	15	18
	36	 1	0	15	0	9	15	22	26	32	36	40	45	47	58	62	66	71	76	79
	36	 2	0	15	0	9	15	22	26	32	36	40	45	47	58	62	66	71	76	79
	36	 1	1	16	0	4	8	11	18	21	25	34	41	44	48	53	58	61	68	71	74
	36	 2	1	16	0	4	8	11	18	21	25	34	41	44	48	53	58	61	68	71	74
	36	 1	2	3	0	4	12	15
	36	 2	2	3	0	4	12	15
	36	 1	3	12	0	9	13	23	29	37	45	48	59	64	68	78	81
	36	 2	3	12	0	9	13	23	29	37	45	48	59	64	68	78	81
	36	 1	4	15	0	4	8	12	14	24	32	35	39	48	58	63	66	70	74	77
	36	 2	4	15	0	4	8	12	14	24	32	35	39	48	58	63	66	70	74	77
	36	 1	5	9	0	4	10	13	18	21	28	37	43	46
	36	 2	5	9	0	4	10	13	18	21	28	37	43	46
	36	 1	6	13	0	9	14	19	23	29	32	42	55	60	67	73	75	78
	36	 2	6	13	0	9	14	19	23	29	32	42	55	60	67	73	75	78
	36	 1	7	12	0	4	9	14	17	21	29	31	38	43	48	56	59
	36	 2	7	12	0	4	9	14	17	21	29	31	38	43	48	56	59
	37	 1	0	13	0	9	16	23	28	37	45	49	53	62	65	71	75	78
	37	 2	0	13	0	9	16	23	28	37	45	49	53	62	65	71	75	78
	37	 1	1	17	0	4	10	18	23	25	29	32	37	43	48	53	59	62	68	72	76	79
	37	 2	1	17	0	4	10	18	23	25	29	32	37	43	48	53	59	62	68	72	76	79
	37	 1	2	12	0	4	12	16	20	25	30	35	42	46	51	61	64
	37	 2	2	12	0	4	12	16	20	25	30	35	42	46	51	61	64
	37	 1	3	16	0	9	13	18	23	30	36	40	43	49	52	57	61	67	71	75	78
	37	 2	3	16	0	9	13	18	23	30	36	40	43	49	52	57	61	67	71	75	78
	37	 1	4	17	0	4	8	13	16	20	26	30	33	38	40	47	50	55	60	67	71	74
	37	 2	4	17	0	4	8	13	16	20	26	30	33	38	40	47	50	55	60	67	71	74
	37	 1	5	4	0	4	14	19	22
	37	 2	5	4	0	4	14	19	22
	37	 1	6	12	0	9	16	20	26	31	36	39	47	50	56	67	70
	37	 2	6	12	0	9	16	20	26	31	36	39	47	50	56	67	70
	37	 1	7	16	0	9	14	19	22	27	32	40	45	49	53	57	63	66	70	77	80
	37	 2	7	16	0	9	14	19	22	27	32	40	45	49	53	57	63	66	70	77	80
	37	 1	8	7	0	4	9	20	23	27	39	42
	37	 2	8	7	0	4	9	20	23	27	39	42
	37	 1	9	5	0	9	13	18	27	30
	37	 2	9	5	0	9	13	18	27	30
	38	 1	0	14	0	9	16	20	23	27	33	37	45	50	54	60	66	69	72
	38	 2	0	14	0	9	16	20	23	27	33	37	45	50	54	60	66	69	72
	38	 1	1	16	0	4	15	19	24	27	32	40	43	46	50	58	62	66	70	75	78
	38	 2	1	16	0	4	15	19	24	27	32	40	43	46	50	58	62	66	70	75	78
	38	 1	2	16	0	4	10	14	17	22	30	33	37	40	48	51	55	67	73	77	80
	38	 2	2	16	0	4	10	14	17	22	30	33	37	40	48	51	55	67	73	77	80
	38	 1	3	10	0	4	7	14	18	26	29	33	38	43	46
	38	 2	3	10	0	4	7	14	18	26	29	33	38	43	46
	38	 1	4	16	0	9	16	22	25	29	37	41	44	48	52	58	63	68	72	78	81
	38	 2	4	16	0	9	16	22	25	29	37	41	44	48	52	58	63	68	72	78	81
	38	 1	5	15	0	4	9	15	17	24	28	36	45	48	59	62	66	70	77	80
	38	 2	5	15	0	4	9	15	17	24	28	36	45	48	59	62	66	70	77	80
	38	 1	6	4	0	4	13	20	23
	38	 2	6	4	0	4	13	20	23
	38	 1	7	15	0	9	12	16	21	27	29	37	45	49	52	56	68	73	77	80
	38	 2	7	15	0	9	12	16	21	27	29	37	45	49	52	56	68	73	77	80
	38	 1	8	15	0	4	11	22	27	30	36	38	45	48	54	59	62	73	76	79
	38	 2	8	15	0	4	11	22	27	30	36	38	45	48	54	59	62	73	76	79
	38	 1	9	6	0	4	9	11	15	20	23
	38	 2	9	6	0	4	9	11	15	20	23
	40	 1	0	13	0	9	16	20	27	30	38	47	53	57	62	66	72	75
	40	 2	0	13	0	9	16	20	27	30	38	47	53	57	62	66	72	75
	40	 1	1	15	0	4	12	22	26	31	35	39	43	49	54	57	68	72	76	79
	40	 2	1	15	0	4	12	22	26	31	35	39	43	49	54	57	68	72	76	79
	40	 1	2	15	0	4	9	15	20	29	35	38	43	49	52	56	63	74	78	81
	40	 2	2	15	0	4	9	15	20	29	35	38	43	49	52	56	63	74	78	81
	40	 1	3	16	0	4	8	18	22	29	32	36	41	45	50	53	63	66	72	77	80
	40	 2	3	16	0	4	8	18	22	29	32	36	41	45	50	53	63	66	72	77	80
	40	 1	4	15	0	4	11	17	20	24	32	38	42	46	53	63	67	72	75	78
	40	 2	4	15	0	4	11	17	20	24	32	38	42	46	53	63	67	72	75	78
	40	 1	5	3	0	4	12	15
	40	 2	5	3	0	4	12	15
	40	 1	6	7	0	9	14	17	21	26	32	35
	40	 2	6	7	0	9	14	17	21	26	32	35
	40	 1	7	14	0	9	17	22	26	36	41	46	51	56	58	64	69	74	77
	40	 2	7	14	0	9	17	22	26	36	41	46	51	56	58	64	69	74	77
	40	 1	8	10	0	4	14	18	24	27	32	47	52	63	66
	40	 2	8	10	0	4	14	18	24	27	32	47	52	63	66
	41	 1	0	14	0	9	16	24	29	37	41	47	56	59	65	73	77	78	81
	41	 2	0	14	0	9	16	24	29	37	41	47	56	59	65	73	77	78	81
	41	 1	1	3	0	4	11	14
	41	 2	1	3	0	4	11	14
	41	 1	2	13	0	9	14	19	23	28	35	40	49	53	60	67	72	75
	41	 2	2	13	0	9	14	19	23	28	35	40	49	53	60	67	72	75
	41	 1	3	14	0	4	12	16	30	37	41	46	50	54	60	64	69	73	76
	41	 2	3	14	0	4	12	16	30	37	41	46	50	54	60	64	69	73	76
	41	 1	4	7	0	4	12	20	24	30	36	39
	41	 2	4	7	0	4	12	20	24	30	36	39
	41	 1	5	15	0	9	19	24	28	34	37	39	44	51	57	62	67	70	75	78
	41	 2	5	15	0	9	19	24	28	34	37	39	44	51	57	62	67	70	75	78
	41	 1	6	14	0	4	9	16	19	26	35	39	51	54	62	65	72	77	80
	41	 2	6	14	0	4	9	16	19	26	35	39	51	54	62	65	72	77	80
	41	 1	7	17	0	4	9	14	23	27	32	35	40	43	49	53	57	60	65	70	74	77
	41	 2	7	17	0	4	9	14	23	27	32	35	40	43	49	53	57	60	65	70	74	77
	41	 1	8	3	0	4	14	17
	41	 2	8	3	0	4	14	17
	42	 1	0	16	0	4	8	14	23	27	34	41	48	50	55	63	66	70	75	77	80
	42	 2	0	16	0	4	8	14	23	27	34	41	48	50	55	63	66	70	75	77	80
	42	 1	1	15	0	4	12	17	21	24	27	34	39	46	49	54	58	70	72	75
	42	 2	1	15	0	4	12	17	21	24	27	34	39	46	49	54	58	70	72	75
	42	 1	2	15	0	4	13	19	27	30	37	41	48	52	60	63	68	73	76	79
	42	 2	2	15	0	4	13	19	27	30	37	41	48	52	60	63	68	73	76	79
	42	 1	3	16	0	4	13	15	23	27	32	35	44	46	50	56	62	66	72	77	80
	42	 2	3	16	0	4	13	15	23	27	32	35	44	46	50	56	62	66	72	77	80
	42	 1	4	15	0	9	12	15	19	26	29	35	38	42	51	54	59	69	74	77
	42	 2	4	15	0	9	12	15	19	26	29	35	38	42	51	54	59	69	74	77
	42	 1	5	3	0	4	12	15
	42	 2	5	3	0	4	12	15
	42	 1	6	14	0	9	15	19	22	32	35	41	51	55	61	66	70	77	80
	42	 2	6	14	0	9	15	19	22	32	35	41	51	55	61	66	70	77	80
	42	 1	7	16	0	4	13	17	25	32	34	41	44	50	54	59	65	70	75	78	81
	42	 2	7	16	0	4	13	17	25	32	34	41	44	50	54	59	65	70	75	78	81
	42	 1	8	5	0	4	7	13	26	29
	42	 2	8	5	0	4	7	13	26	29
	43	 1	0	12	0	9	16	22	26	34	39	42	46	52	61	72	75
	43	 2	0	12	0	9	16	22	26	34	39	42	46	52	61	72	75
	43	 1	1	14	0	4	12	16	20	30	37	40	44	50	58	67	71	76	79
	43	 2	1	14	0	4	12	16	20	30	37	40	44	50	58	67	71	76	79
	43	 1	2	16	0	4	9	16	19	23	27	31	41	45	54	61	66	70	73	77	80
	43	 2	2	16	0	4	9	16	19	23	27	31	41	45	54	61	66	70	73	77	80
	43	 1	3	15	0	4	10	14	24	29	34	38	42	48	52	55	60	72	75	78
	43	 2	3	15	0	4	10	14	24	29	34	38	42	48	52	55	60	72	75	78
	43	 1	4	4	0	4	10	16	19
	43	 2	4	4	0	4	10	16	19
	43	 1	5	13	0	9	16	21	30	33	40	48	52	58	62	68	75	78
	43	 2	5	13	0	9	16	21	30	33	40	48	52	58	62	68	75	78
	43	 1	6	16	0	4	9	11	16	19	29	33	42	48	51	55	62	65	69	75	78
	43	 2	6	16	0	4	9	11	16	19	29	33	42	48	51	55	62	65	69	75	78
	43	 1	7	15	0	4	9	17	22	29	32	36	47	55	59	65	68	71	80	83
	43	 2	7	15	0	4	9	17	22	29	32	36	47	55	59	65	68	71	80	83
	43	 1	8	7	0	4	8	10	15	24	35	38
	43	 2	8	7	0	4	8	10	15	24	35	38
	45	 1	0	15	0	9	15	19	22	31	36	43	46	48	54	61	65	72	76	79
	45	 2	0	15	0	9	15	19	22	31	36	43	46	48	54	61	65	72	76	79
	45	 1	1	8	0	4	14	17	21	25	32	39	42
	45	 2	1	8	0	4	14	17	21	25	32	39	42
	45	 1	2	16	0	9	13	17	23	26	28	34	41	46	51	54	62	64	69	76	79
	45	 2	2	16	0	9	13	17	23	26	28	34	41	46	51	54	62	64	69	76	79
	45	 1	3	17	0	4	8	12	17	21	25	30	37	44	52	55	60	62	67	70	75	78
	45	 2	3	17	0	4	8	12	17	21	25	30	37	44	52	55	60	62	67	70	75	78
	45	 1	4	15	0	4	8	15	20	24	30	37	47	50	54	59	66	74	78	81
	45	 2	4	15	0	4	8	15	20	24	30	37	47	50	54	59	66	74	78	81
	45	 1	5	14	0	4	14	17	19	25	29	33	40	48	56	60	64	74	77
	45	 2	5	14	0	4	14	17	19	25	29	33	40	48	56	60	64	74	77
	45	 1	6	17	0	4	9	11	16	19	26	29	34	38	44	47	51	60	68	71	76	79
	45	 2	6	17	0	4	9	11	16	19	26	29	34	38	44	47	51	60	68	71	76	79
	45	 1	7	15	0	4	11	15	22	28	31	35	42	49	53	56	63	69	73	76
	45	 2	7	15	0	4	11	15	22	28	31	35	42	49	53	56	63	69	73	76
	45	 1	8	15	0	4	11	16	18	24	31	37	39	48	54	59	62	67	77	80
	45	 2	8	15	0	4	11	16	18	24	31	37	39	48	54	59	62	67	77	80
	45	 1	9	3	0	4	11	14
	45	 2	9	3	0	4	11	14
	47	 1	0	12	0	9	15	20	25	31	33	41	51	57	66	70	73
	47	 2	0	12	0	9	15	20	25	31	33	41	51	57	66	70	73
	47	 1	1	15	0	4	14	23	27	33	38	46	50	56	60	65	67	72	77	80
	47	 2	1	15	0	4	14	23	27	33	38	46	50	56	60	65	67	72	77	80
	47	 1	2	14	0	4	8	16	25	30	36	41	44	50	54	61	65	76	79
	47	 2	2	14	0	4	8	16	25	30	36	41	44	50	54	61	65	76	79
	47	 1	3	14	0	4	14	19	23	33	37	43	47	52	59	64	69	73	76
	47	 2	3	14	0	4	14	19	23	33	37	43	47	52	59	64	69	73	76
	47	 1	4	16	0	4	12	18	22	27	31	36	41	47	51	54	58	66	71	75	78
	47	 2	4	16	0	4	12	18	22	27	31	36	41	47	51	54	58	66	71	75	78
	47	 1	5	16	0	4	10	16	20	28	32	39	44	48	53	58	63	66	71	74	77
	47	 2	5	16	0	4	10	16	20	28	32	39	44	48	53	58	63	66	71	74	77
	47	 1	6	16	0	4	10	14	18	23	26	30	35	39	41	50	58	63	67	74	77
	47	 2	6	16	0	4	10	14	18	23	26	30	35	39	41	50	58	63	67	74	77
	47	 1	7	5	0	4	13	20	25	28
	47	 2	7	5	0	4	13	20	25	28
	48	 1	0	14	0	9	13	21	24	29	34	41	49	55	60	70	73	74	77
	48	 2	0	14	0	9	13	21	24	29	34	41	49	55	60	70	73	74	77
	48	 1	1	17	0	4	12	17	19	25	27	30	34	36	46	48	57	60	68	74	76	79
	48	 2	1	17	0	4	12	17	19	25	27	30	34	36	46	48	57	60	68	74	76	79
	48	 1	2	6	0	4	7	11	16	24	27
	48	 2	2	6	0	4	7	11	16	24	27
	48	 1	3	12	0	9	13	18	25	31	35	38	42	49	53	59	62
	48	 2	3	12	0	9	13	18	25	31	35	38	42	49	53	59	62
	48	 1	4	13	0	9	17	19	25	29	32	41	44	50	53	63	70	73
	48	 2	4	13	0	9	17	19	25	29	32	41	44	50	53	63	70	73
	48	 1	5	5	0	9	16	21	29	32
	48	 2	5	5	0	9	16	21	29	32
	48	 1	6	15	0	9	15	19	23	31	35	37	48	52	57	62	65	71	75	78
	48	 2	6	15	0	9	15	19	23	31	35	37	48	52	57	62	65	71	75	78
	48	 1	7	7	0	4	8	15	22	25	32	35
	48	 2	7	7	0	4	8	15	22	25	32	35
	48	 1	8	13	0	9	13	17	26	35	43	53	60	63	66	74	78	81
	48	 2	8	13	0	9	13	17	26	35	43	53	60	63	66	74	78	81
	48	 1	9	14	0	4	8	11	22	30	34	37	42	45	50	54	62	72	75
	48	 2	9	14	0	4	8	11	22	30	34	37	42	45	50	54	62	72	75
	49	 1	0	13	0	9	15	18	24	29	39	45	53	57	61	66	70	73
	49	 2	0	13	0	9	15	18	24	29	39	45	53	57	61	66	70	73
	49	 1	1	15	0	4	16	21	23	28	32	37	45	48	52	60	68	71	75	78
	49	 2	1	15	0	4	16	21	23	28	32	37	45	48	52	60	68	71	75	78
	49	 1	2	17	0	4	10	17	21	27	31	39	44	48	50	56	59	66	69	74	76	79
	49	 2	2	17	0	4	10	17	21	27	31	39	44	48	50	56	59	66	69	74	76	79
	49	 1	3	16	0	4	8	11	17	21	28	31	34	39	47	52	63	71	75	77	80
	49	 2	3	16	0	4	8	11	17	21	28	31	34	39	47	52	63	71	75	77	80
	49	 1	4	7	0	4	8	13	16	22	31	34
	49	 2	4	7	0	4	8	13	16	22	31	34
	49	 1	5	14	0	9	14	18	29	39	43	48	54	61	64	68	73	77	80
	49	 2	5	14	0	9	14	18	29	39	43	48	54	61	64	68	73	77	80
	49	 1	6	16	0	4	12	14	19	27	30	35	41	46	52	56	63	65	71	75	78
	49	 2	6	16	0	4	12	14	19	27	30	35	41	46	52	56	63	65	71	75	78
	49	 1	7	16	0	4	11	17	24	27	31	36	39	42	49	54	61	65	69	78	81
	49	 2	7	16	0	4	11	17	24	27	31	36	39	42	49	54	61	65	69	78	81
	49	 1	8	3	0	4	11	14
	49	 2	8	3	0	4	11	14
	51	 1	0	16	0	9	15	18	22	30	35	43	48	53	55	60	63	68	72	76	79
	51	 2	0	16	0	9	15	18	22	30	35	43	48	53	55	60	63	68	72	76	79
	51	 1	1	9	0	4	8	12	16	19	24	29	36	39
	51	 2	1	9	0	4	8	12	16	19	24	29	36	39
	51	 1	2	15	0	9	18	20	24	32	41	45	51	57	59	62	68	70	77	80
	51	 2	2	15	0	9	18	20	24	32	41	45	51	57	59	62	68	70	77	80
	51	 1	3	15	0	4	7	17	22	24	27	33	37	48	51	53	58	65	74	77
	51	 2	3	15	0	4	7	17	22	24	27	33	37	48	51	53	58	65	74	77
	51	 1	4	8	0	4	10	13	17	23	30	50	53
	51	 2	4	8	0	4	10	13	17	23	30	50	53
	51	 1	5	8	0	9	17	23	28	38	47	55	58
	51	 2	5	8	0	9	17	23	28	38	47	55	58
	51	 1	6	14	0	9	17	27	34	39	44	48	53	59	63	68	71	76	79
	51	 2	6	14	0	9	17	27	34	39	44	48	53	59	63	68	71	76	79
	51	 1	7	14	0	4	7	11	28	31	35	39	46	50	59	64	67	71	74
	51	 2	7	14	0	4	7	11	28	31	35	39	46	50	59	64	67	71	74
